function [B_low,B_up]= find_boundary(n)
B_low=[20;15;10;10;12;0.95;0.95;0.95;0.95;0.95;0.95;0.90;0.90;0.90;0.90];
B_up=[80;50;35;30;40;1.05;1.10;1.10;1.10;1.10;1.10;1.10;1.10;1.10;1.10];
